2.61E+02 2.59E+02 2.57E+02 2.55E+02 2.52E+02 2.50E+02 2.48E+02 2.46E+02 2.45E+02 2.45E+02                                                                        
2.44E+02 2.44E+02 2.43E+02 2.43E+02 2.43E+02 2.42E+02 2.42E+02 2.41E+02 2.41E+02 2.40E+02                                                                        
2.40E+02 2.40E+02 2.39E+02 2.39E+02 2.38E+02 2.38E+02 2.37E+02 2.37E+02 2.37E+02 2.36E+02                                                                        
2.36E+02 2.35E+02 2.35E+02 2.35E+02 2.34E+02 2.34E+02 2.33E+02 2.33E+02 2.33E+02 2.32E+02                                                                        
2.32E+02 2.31E+02 2.31E+02 2.31E+02 2.30E+02 2.30E+02 2.30E+02 2.29E+02 2.29E+02 2.28E+02                                                                        
2.28E+02 2.28E+02 2.27E+02 2.27E+02 2.27E+02 2.26E+02 2.26E+02 2.25E+02 2.25E+02 2.25E+02                                                                        
2.24E+02 2.24E+02 2.24E+02 2.23E+02 2.23E+02 2.22E+02 2.22E+02 2.22E+02 2.21E+02 2.21E+02                                                                        
2.21E+02 2.20E+02 2.20E+02 2.19E+02 2.19E+02 2.19E+02 2.18E+02 2.18E+02 2.18E+02 2.17E+02                                                                        
2.17E+02 2.16E+02 2.16E+02 2.16E+02 2.15E+02 2.15E+02 2.14E+02 2.14E+02 2.14E+02 2.13E+02                                                                        
2.13E+02 2.12E+02 2.12E+02 2.11E+02 2.11E+02 2.11E+02 2.10E+02 2.10E+02 2.09E+02 2.09E+02                                                                        
2.08E+02 2.08E+02 2.08E+02 2.07E+02 2.07E+02 2.06E+02 2.06E+02 2.05E+02 2.05E+02 2.04E+02                                                                        
2.04E+02 2.03E+02 2.03E+02 2.02E+02 2.02E+02 2.02E+02 2.01E+02 2.01E+02 2.00E+02 2.00E+02                                                                        
1.99E+02 1.98E+02 1.98E+02 1.97E+02 1.97E+02 1.96E+02 1.96E+02 1.95E+02 1.95E+02 1.94E+02                                                                        
1.94E+02 1.93E+02 1.93E+02 1.92E+02 1.91E+02 1.91E+02 1.90E+02 1.90E+02 1.89E+02 1.88E+02                                                                        
1.88E+02 1.87E+02 1.87E+02 1.86E+02 1.85E+02 1.85E+02 1.84E+02 1.83E+02 1.83E+02 1.82E+02                                                                        
1.81E+02 1.81E+02 1.80E+02 1.79E+02 1.79E+02 1.78E+02 1.77E+02 1.77E+02 1.76E+02 1.75E+02                                                                        
1.75E+02 1.74E+02 1.73E+02 1.72E+02 1.72E+02 1.71E+02 1.70E+02 1.69E+02 1.69E+02 1.68E+02                                                                        
1.67E+02 1.66E+02 1.65E+02 1.65E+02 1.64E+02 1.63E+02 1.62E+02 1.61E+02 1.61E+02 1.60E+02                                                                        
1.59E+02 1.58E+02 1.57E+02 1.56E+02 1.56E+02 1.55E+02 1.54E+02 1.53E+02 1.52E+02 1.51E+02                                                                        
1.50E+02 1.49E+02 1.48E+02 1.48E+02 1.47E+02 1.46E+02 1.45E+02 1.44E+02 1.43E+02 1.42E+02                                                                        
1.41E+02 1.40E+02 1.39E+02 1.38E+02 1.37E+02 1.36E+02 1.35E+02 1.34E+02 1.33E+02 1.32E+02                                                                        
1.31E+02 1.30E+02 1.29E+02 1.28E+02 1.27E+02 1.26E+02 1.25E+02 1.24E+02 1.23E+02 1.22E+02                                                                        
1.21E+02 1.20E+02 1.19E+02 1.17E+02 1.16E+02 1.15E+02 1.14E+02 1.13E+02 1.12E+02 1.11E+02                                                                        
1.10E+02 1.09E+02 1.08E+02 1.07E+02 1.05E+02 1.04E+02 1.03E+02 1.02E+02 1.01E+02 9.98E+01                                                                        
9.86E+01 9.75E+01 9.64E+01 9.52E+01 9.41E+01 9.29E+01 9.18E+01 9.06E+01 8.95E+01 8.83E+01                                                                        
8.71E+01 8.60E+01 8.48E+01 8.37E+01 8.25E+01 8.13E+01 8.02E+01 7.90E+01 7.78E+01 7.67E+01                                                                        
7.55E+01 7.43E+01 7.32E+01 7.20E+01 7.08E+01 6.97E+01 6.85E+01 6.73E+01 6.62E+01 6.50E+01                                                                        
6.39E+01 6.27E+01 6.16E+01 6.04E+01 5.93E+01 5.81E+01 5.70E+01 5.58E+01 5.47E+01 5.36E+01                                                                        
5.24E+01 5.13E+01 5.02E+01 4.91E+01 4.80E+01 4.69E+01 4.58E+01 4.47E+01 4.36E+01 4.25E+01                                                                        
4.14E+01 4.03E+01 3.93E+01 3.82E+01 3.72E+01 3.61E+01 3.51E+01 3.41E+01 3.30E+01 3.20E+01                                                                        
3.10E+01 3.00E+01 2.91E+01 2.81E+01 2.71E+01 2.62E+01 2.52E+01 2.43E+01 2.34E+01 2.25E+01                                                                        
2.16E+01 2.07E+01 1.98E+01 1.90E+01 1.81E+01 1.73E+01 1.65E+01 1.57E+01 1.49E+01 1.41E+01                                                                        
1.34E+01 1.26E+01 1.19E+01 1.12E+01 1.05E+01 9.86E+00 9.21E+00 8.58E+00 7.97E+00 7.37E+00                                                                        
6.80E+00 6.24E+00 5.71E+00 5.19E+00 4.70E+00 4.23E+00 3.78E+00 3.36E+00 2.95E+00 2.57E+00                                                                        
2.22E+00 1.89E+00 1.58E+00 1.30E+00 1.05E+00 8.19E-01 6.18E-01 4.44E-01 2.98E-01 1.81E-01                                                                        
9.20E-02 3.27E-02 3.57E-03 0.00E+00 0.00E+00 0.00E+00 0.00E+00 0.00E+00 0.00E+00 0.00E+00 