1.467522061
1.467768489
1.468006602
1.468236413
1.468457938
1.468671192
1.46887619
1.469072946
1.469261475
1.469441793
1.469613913
1.469777852
1.469933623
1.47156151
1.47287683
1.474184657
1.475483632
1.476773507
1.478054197
1.479325657
1.480587863
1.481840797
1.483084445
1.484318794
1.485543835
1.486759555
1.487965946
1.489162996
1.490350695
1.491529033
1.492698001
1.493857589
1.495007787
1.496148587
1.497279979
1.498401957
1.499514512
1.500617639
1.501711332
1.502795585
1.503870396
1.504935759
1.505991674
1.507038138
1.50807515
1.509102712
1.510120822
1.511129484
1.5121287
1.513118472
1.514098804
1.515069701
1.516031168
1.51698321
1.517925834
1.518859046
1.519782854
1.520697265
1.521602286
1.522497927
1.523384196
1.524261102
1.525128655
1.525986863
1.526835738
1.527675287
1.528505523
1.529326455
1.530138094
1.53094045
1.531733533
1.532517356
1.533291927
1.53405726
1.534813363
1.535560248
1.536297927
1.537026409
1.537745707
1.53845583
1.53915679
1.539848597
1.540531263
1.541204797
1.541869211
1.542524516
1.543170721
1.543807837
1.544435876
1.545054846
1.545664758
1.546265623
1.54685745
1.54744025
1.548014032
1.548578807
1.549134583
1.549681371
1.55021918
1.550748019
1.551267899
1.551778828
1.552280815
1.55277387
1.553258002
1.553733219
1.554199531
1.554656946
1.555105473
1.55554512
1.555975897
1.556397812
1.556810872
1.557215087
1.557610465
1.557997014
1.558374741
1.558743656
1.559103766
1.559455079
1.559797603
1.560131345
1.560456314
1.560772518
1.561079964
1.561378659
1.561668611
1.561949828
1.562222318
1.562486087
1.562741143
1.562987494
1.563225147
1.563454109
1.563674387
1.56388599
1.564088923
1.564283194
1.564468811
1.56464578
1.564814109
1.564973805
1.565124874
1.565267325
1.565401163
1.565526397
1.565643033
1.565751078
1.56585054
1.565941424
1.566023739
1.566097491
1.566162688
1.566219336
1.566267442
1.566307013
1.566338057
1.566360581
1.566374591
1.566380094
1.566377098
1.566365609
1.566345635
1.566317183
1.566280259
1.566234872
1.566181027
1.566118733
1.566047996
1.565968823
1.565881222
1.5657852
1.565680764
1.565567921
1.565446679
1.565317045
1.565179025
1.565032629
1.564877862
1.564714732
1.564543247
1.564363413
1.56417524
1.563978733
1.563773901
1.563560751
1.56333929
1.563109527
1.562871469
1.562625123
1.562370497
1.5621076
1.561836438
1.561557019
1.561269352
1.560973445
1.560669304
1.560356938
1.560036356
1.559707564
1.559370572
1.559025387
1.558672017
1.558310471
1.557940756
1.557562881
1.557176855
1.556782685
1.55638038
1.555969948
1.555551398
1.555124738
1.554689977
1.554247123
1.553796185
1.553337171
1.552870091
1.552394953
1.551911765
1.551420537
1.550921277
1.550413994
1.549898698
1.549375397
1.5488441
1.548304816
1.547757555
1.547202325
1.546639136
1.546067997
1.545488917
1.544901907
1.544306974
1.543704128
1.54309338
1.542474738
1.541848212
1.541213811
1.540571546
1.539921426
1.539263461
1.53859766
1.537924033
1.537242591
1.536553343
1.535856299
1.53515147
1.534438864
1.533718493
1.532990367
1.532254495
1.531510889
1.530759557
1.530000511
1.529233762
1.528459319
1.527677193
1.526887394
1.526089933
1.525284822
1.524472069
1.523651687
1.522823686
1.521988076
1.521144869
1.520294076
1.519435707
1.518569773
1.517696286
1.516815257
1.515926697
1.515030616
1.514127027
1.51321594
1.512297367
1.511371319
1.510437808
1.509496845
1.508548441
1.507592609
1.50662936
1.505658705
1.504680656
1.503695226
1.502702425
1.501702265
1.50069476
1.499679919
1.498657756
1.497628283
1.496591511
1.495547453
1.494496121
1.493437526
1.492371682
1.491298601
1.490218295
1.489130776
1.488036057
1.486934151
1.485825069
1.484708825
1.483585432
1.482454901
1.481317245
1.480172478
1.479020612
1.477861661
1.476695636
1.475522551
1.474342419
1.473155253
1.471961066
1.470759871
1.469551682
1.468336511
1.467114372
1.465885278
1.464649243
1.46340628
1.462156403
1.460899624
1.459635958
1.458365418
1.457088017
1.45580377
1.454512691
1.453214792
1.451910088
1.450598592
1.449280319
1.447955282
1.446623496
1.445284974
1.443939731
1.44258778
1.441229136
1.439863813
1.438491826
1.437113188
1.435727914
1.434336018
1.432937516
1.43153242
1.430120746
1.428702508
1.427277722
1.4258464
1.424408559
1.422964213
1.421513377
1.420056066
1.418592293
1.417122075
1.415645427
1.414162362
1.412672897
1.411177047
1.409674825
1.408166249
1.406651332
1.40513009
1.403602539
1.402068694
1.400528569
1.398982181
1.397429545
1.395870676
1.394305591
1.392734304
1.391156831
1.389573188
1.38798339
1.386387454
1.384785395
1.383177229
1.381562971
1.379942638
1.378316246
1.376683811
1.375045348
1.373400873
1.371750404
1.370093956
1.368431545
1.366763187
1.365088899
1.363408697
1.361722597
1.360030616
1.35833277
1.356629076
1.35491955
1.353204209
1.351483069
1.349756148
1.348023461
1.346285025
1.344540857
1.342790974
1.341035394
1.339274131
1.337507205
1.33573463
1.333956426
1.332172607
1.330383193
1.328588199
1.326787643
1.324981542
1.323169913
1.321352774
1.319530141
1.317702033
1.315868466
1.314029458
1.312185027
1.31033519
1.308479964
1.306619367
1.304753416
1.30288213
1.301005526
1.299123622
1.297236435
1.295343983
1.293446284
1.291543356
1.289635217
1.287721885
1.285803378
1.283879714
1.28195091
1.280016985
1.278077958
1.276133846
1.274184667
1.27223044
1.270271183
1.268306914
1.266337652
1.264363415
1.262384222
1.260400091
1.25841104
1.256417088
1.254418254
1.252414556
1.250406012
1.248392643
1.246374466
1.244351499
1.242323763
1.240291275
1.238254054
1.23621212
1.234165492
1.232114188
1.230058227
1.227997628
1.225932411
1.223862594
1.221788197
1.219709239
1.217625739
1.215537717
1.213445191
1.211348181
1.209246707
1.207140787
1.205030441
1.202915689
1.20079655
1.198673044
1.19654519
1.194413008
1.192276517
1.190135738
1.187990689
1.185841391
1.183687864
1.181530126
1.179368199
1.177202101
1.175031853
1.172857475
1.170678987
1.168496409
1.16630976
1.164119061
1.161924332
1.159725594
1.157522866
1.155316168
1.153105521
1.150890945
1.148672461
1.146450088
1.144223847
1.141993759
1.139759844
1.137522123
1.135280615
1.133035342
1.130786325
1.128533582
1.126277137
1.124017008
1.121753217
1.119485785
1.117214732
1.114940079
1.112661847
1.110380057
1.10809473
1.105805886
1.103513547
1.101217734
1.098918467
1.096615768
1.094309658
1.092000158
1.089687289
1.087371073
1.08505153
1.082728682
1.08040255
1.078073156
1.07574052
1.073404665
1.071065611
1.06872338
1.066377994
1.064029474
1.061677842
1.059323119
1.056965326
1.054604486
1.052240621
1.049873751
1.047503898
1.045131085
1.042755333
1.040376664
1.0379951
1.035610662
1.033223373
1.030833254
1.028440328
1.026044617
1.023646142
1.021244926
1.01884099
1.016434357
1.01402505
1.011613089
1.009198498
1.006781299
1.004361513
1.001939164
0.999514274
0.997086864
0.994656958
0.992224578
0.989789746
0.987352485
0.984912817
0.982470765
0.980026351
0.977579599
0.97513053
0.972679167
0.970225534
0.967769652
0.965311545
0.962851235
0.960388745
0.957924099
0.955457318
0.952988426
0.950517445
0.948044399
0.945569311
0.943092204
0.9406131
0.938132023
0.935648996
0.933164043
0.930677185
0.928188447
0.925697851
0.923205421
0.92071118
0.918215152
0.91571736
0.913217826
0.910716576
0.908213631
0.905709016
0.903202753
0.900694867
0.898185381
0.895674318
0.893161703
0.890647558
0.888131908
0.885614775
0.883096185
0.88057616
0.878054724
0.875531901
0.873007714
0.870482189
0.867955348
0.865427216
0.862897815
0.860367172
0.857835308
0.855302249
0.852768018
0.850232639
0.847696137
0.845158535
0.842619859
0.840080131
0.837539376
0.834997619
0.832454883
0.829911193
0.827366573
0.824821047
0.822274641
0.819727378
0.817179282
0.814630379
0.812080692
0.809530246
0.806979065
0.804427175
0.8018746
0.799321364
0.796767491
0.794213008
0.791657937
0.789102305
0.786546135
0.783989453
0.781432282
0.778874649
0.776316578
0.773758094
0.771199221
0.768639985
0.76608041
0.763520522
0.760960345
0.758399905
0.755839226
0.753278334
0.750717253
0.74815601
0.745594628
0.743033134
0.740471551
0.737909907
0.735348225
0.732786531
0.730224851
0.727663209
0.725101632
0.722540144
0.71997877
0.717417537
0.71485647
0.712295594
0.709734935
0.707174518
0.704614369
0.702054513
0.699494976
0.696935784
0.694376963
0.691818537
0.689260533
0.686702976
0.684145892
0.681589308
0.679033248
0.676477738
0.673922805
0.671368475
0.668814772
0.666261724
0.663709356
0.661157694
0.658606764
0.656056592
0.653507204
0.650958627
0.648410886
0.645864007
0.643318017
0.640772942
0.638228807
0.63568564
0.633143466
0.630602312
0.628062204
0.625523168
0.622985231
0.620448419
0.617912758
0.615378275
0.612844997
0.610312949
0.607782158
0.605252651
0.602724455
0.600197595
0.597672098
0.595147991
0.592625301
0.590104055
0.587584278
0.585065998
0.582549241
0.580034034
0.577520404
0.575008378
0.572497982
0.569989244
0.567482189
0.564976846
0.562473241
0.5599714
0.557471352
0.554973122
0.552476738
0.549982227
0.547489616
0.544998931
0.542510201
0.540023452
0.537538711
0.535056006
0.532575363
0.53009681
0.527620374
0.525146082
0.522673962
0.520204041
0.517736346
0.515270905
0.512807745
0.510346893
0.507888376
0.505432223
0.50297846
0.500527116
0.498078217
0.495631791
0.493187865
0.490746468
0.488307627
0.485871369
0.483437722
0.481006714
0.478578372
0.476152724
0.473729798
0.471309622
0.468892222
0.466477628
0.464065867
0.461656966
0.459250954
0.456847859
0.454447708
0.452050529
0.44965635
0.447265199
0.444877105
0.442492094
0.440110196
0.437731438
0.435355848
0.432983455
0.430614286
0.42824837
0.425885734
0.423526408
0.421170419
0.418817795
0.416468564
0.414122756
0.411780397
0.409441518
0.407106144
0.404774307
0.402446032
0.40012135
0.397800287
0.395482874
0.393169137
0.390859107
0.38855281
0.386250276
0.383951534
0.381656611
0.379365536
0.377078339
0.374795047
0.372515689
0.370240294
0.36796889
0.365701507
0.363438173
0.361178916
0.358923766
0.356672752
0.354425901
0.352183243
0.349944807
0.347710622
0.345480716
0.343255118
0.341033858
0.338816964
0.336604466
0.334396391
0.33219277
0.329993631
0.327799004
0.325608917
0.323423399
0.32124248
0.319066189
0.316894555
0.314727606
0.312565373
0.310407885
0.30825517
0.306107258
0.303964178
0.30182596
0.299692633
0.297564225
0.295440768
0.293322289
0.291208818
0.289100385
0.28699702
0.28489875
0.282805607
0.280717619
0.278634817
0.276557228
0.274484884
0.272417814
0.270356047
0.268299613
0.266248541
0.264202861
0.262162603
0.260127797
0.258098471
0.256074657
0.254056383
0.25204368
0.250036577
0.248035103
0.24603929
0.244049166
0.242064762
0.240086107
0.238113231
0.236146165
0.234184937
0.232229579
0.23028012
0.228336589
0.226399018
0.224467436
0.222541873
0.220622359
0.218708924
0.216801599
0.214900413
0.213005396
0.21111658
0.209233993
0.207357667
0.205487631
0.203623915
0.201766551
0.199915567
0.198070995
0.196232865
0.194401207
0.192576051
0.190757428
0.188945368
0.187139901
0.185341059
0.183548871
0.181763368
0.17998458
0.178212538
0.176447272
0.174688813
0.172937191
0.171192438
0.169454583
0.167723657
0.165999691
0.164282715
0.162572761
0.160869858
0.159174038
0.15748533
0.155803767
0.154129378
0.152462195
0.150802248
0.149149567
0.147504185
0.145866131
0.144235437
0.142612132
0.14099625
0.139387819
0.137786871
0.136193438
0.134607549
0.133029236
0.13145853
0.129895462
0.128340064
0.126792365
0.125252397
0.123720191
0.122195779
0.120679191
0.119170458
0.117669612
0.116176684
0.114691706
0.113214707
0.11174572
0.110284775
0.108831904
0.107387139
0.10595051
0.104522049
0.103101787
0.101689756
0.100285986
0.09889051
0.097503358
0.096124562
0.094754154
0.093392164
0.092038625
0.090693568
0.089357024
0.088029025
0.086709603
0.085398788
0.084096613
0.082803108
0.081518307
0.08024224
0.078974938
0.077716435
0.07646676
0.075225946
0.073994025
0.072771028
0.071556988
0.070351935
0.069155901
0.067968919
0.066791021
0.065622237
0.064462599
0.063312141
0.062170893
0.061038887
0.059916155
0.05880273
0.057698643
0.056603926
0.055518611
0.054442729
0.053376314
0.052319397
0.05127201
0.050234185
0.049205954
0.048187349
0.047178402
0.046179146
0.045189612
0.044209833
0.043239841
0.042279668
0.041329346
0.040388907
0.039458384
0.038537809
0.037627214
0.036726631
0.035836093
0.034955632
0.03408528
0.033225069
0.032375033
0.031535202
0.030705611
0.02988629
0.029077273
0.028278592
0.02749028
0.026712368
0.025944889
0.025187876
0.024441361
0.023705378
0.022979957
0.022265132
0.021560936
0.020867401
0.02018456
0.019512444
0.018851088
0.018200523
0.017560782
0.016931898
0.016313904
0.015706832
0.015110714
0.014525585
0.013951476
0.01338842
0.01283645
0.012295599
0.0117659
0.011247385
0.010740087
0.010244039
0.009759275
0.009285826
0.008823726
0.008373008
0.007933705
0.007505849
0.007089474
0.006684612
0.006291297
0.005909561
0.005539438
0.00518096
0.004834162
0.004499075
0.004175732
0.003864168
0.003564415
0.003276506
0.003000474
0.002736353
0.002484175
0.002243974
0.002015783
0.001799636
0.001595565
0.001403603
0.001223785
0.001056143
9.00709957E-4
7.575201704E-4
6.266065501E-4
5.080024292E-4
4.017411558E-4
3.078560922E-4
2.263806153E-4
1.573481165E-4
1.007920015E-4
5.674569052E-5
2.524261821E-5
6.316233577E-6
