0.00929
0.00923
0.00924
0.46233
0.00907
0.00902
0.00897
0.00891
0.57453
0.00881
0.00875
0.00883
0.00865
0.00861
0.00856
0.00851
0.00846
0.00842
0.00837
0.1255
0.00884
0.01001
0.01304
0.03859
0.00809
0.00804
0.00801
0.00795
0.0079
0.00785
0.0078
0.00777
0.00881
0.00766
0.00761
0.00757
0.55293
0.00799
0.00743
0.00738
0.00736
0.01329
0.00724
0.00719
0.00714
0.00709
0.01021
0.007
0.00695
0.01298
0.00741
0.00682
0.157
0.00672
0.00667
0.00662
0.04704
0.00808
0.00648
0.0863
0.00671
0.00676
0.12575
0.00625
0.0062
0.00615
0.00648
0.00728
0.00601
0.0063
0.006
0.00587
0.00583
0.00578
0.01931
0.01196
0.00564
0.04986
0.00917
0.00718
0.00584
0.01413
0.00537
0.00562
0.00529
0.00523
0.0052
0.00522
0.0051
0.00505
0.00501
0.00497
0.00647
0.00492
0.00484
0.00488
0.00515
0.0047
0.00466
0.00464
0.00457
0.00453
0.00451
0.00444
0.00443
0.00435
0.00431
0.00427
0.00423
0.00419
0.00414
0.00411
0.00406
0.00514
0.00398
0.00393
0.00389
0.00385
0.00382
0.00377
0.00373
0.00369
0.00375
0.00402
0.00357
0.00353
0.00349
0.00345
0.00342
0.00366
0.00334
0.0033
0.00326
0.00329
0.00318
0.00315
0.00311
0.00307
0.00307
0.00311
0.00418
0.00293
0.00293
0.00289
0.00282
0.00278
0.00275
0.00271
0.00268
0.00264
0.00261
0.00258
0.00266
0.00251
0.00247
0.00244
0.00271
0.00237
0.00235
0.00231
0.00236
0.00225
0.00221
0.00218
0.00215
0.00212
0.00208
0.00208
0.00202
0.00199
0.00196
0.00194
0.0019
0.00187
0.00184
0.00181
0.00178
0.00175
0.00173
0.0017
0.00167
0.00164
0.00161
0.00159
0.00156
0.00153
0.00151
0.00148
0.00145
0.00143
0.0014
0.00138
0.00135
0.00133
0.0013
0.00129
0.00125
0.00125
0.0012
0.00118
0.00116
0.00114
0.00111
0.00109
0.00107
0.00105
0.00103
1E-3
9.83988E-4
9.63402E-4
9.43001E-4
9.23997E-4
9.02759E-4
8.83888E-4
8.63274E-4
0.00406
8.24559E-4
8.05492E-4
7.8664E-4
7.67918E-4
7.51217E-4
7.31098E-4
7.12974E-4
6.95044E-4
6.77308E-4
6.59768E-4
6.42426E-4
6.25355E-4
6.084E-4
5.91832E-4
5.75062E-4
5.5873E-4
5.42604E-4
0.00115
5.10979E-4
4.95482E-4
4.80649E-4
4.83427E-4
4.50447E-4
4.35636E-4
4.2134E-4
4.07019E-4
3.93043E-4
3.79307E-4
3.65776E-4
3.52567E-4
3.39386E-4
3.72541E-4
3.52185E-4
3.01547E-4
2.89401E-4
2.77541E-4
2.65816E-4
2.54381E-4
2.43186E-4
2.32233E-4
2.21524E-4
2.1106E-4
2.00842E-4
1.90872E-4
1.81152E-4
1.7171E-4
1.62468E-4
1.53507E-4
1.44801E-4
2.0502E-4
1.28165E-4
1.2025E-4
1.12571E-4
1.05169E-4
9.80332E-5
9.11674E-5
8.45635E-5
7.82332E-5
7.21747E-5
6.63897E-5
6.08797E-5
5.56464E-5
5.06913E-5
4.6016E-5
4.16222E-5
3.75114E-5
3.36853E-5
3.01454E-5
2.68934E-5
2.39309E-5
2.12792E-5
1.88808E-5
2.02615E-5
1.49967E-5
1.33946E-5
1.18848E-5
1.04648E-5
9.13517E-6
7.89646E-6
6.75424E-6
5.69371E-6
4.73069E-6
3.99559E-6
3.08392E-6
2.40118E-6
1.81288E-6
1.32426E-6
9.21652E-7
1.47025E-6
4.1433E-7
1.28965E-5
2.76837E-7
2.56597E-7
2.38092E-7
2.21333E-7
2.06328E-7
1.93088E-7
1.81616E-7
1.71142E-7
1.61107E-7
1.51513E-7
1.42362E-7
1.33657E-7
1.25402E-7
1.17597E-7
1.10245E-7
1.03349E-7
9.69121E-8
9.09357E-8
8.54226E-8
8.03752E-8
7.57961E-8
7.16878E-8
6.80526E-8
6.48931E-8
6.22118E-8
6.00111E-8
5.80787E-8
5.61746E-8
5.4299E-8
5.24519E-8
5.06336E-8
4.88442E-8
4.70839E-8
4.53528E-8
4.36512E-8
4.19792E-8
4.0337E-8
3.87247E-8
3.71426E-8
3.55908E-8
3.40694E-8
3.25788E-8
3.11189E-8
2.96901E-8
2.82925E-8
2.69262E-8
2.55915E-8
2.42885E-8
2.30174E-8
2.17783E-8
2.05715E-8
1.93972E-8
1.82554E-8
1.71464E-8
1.60704E-8
1.50275E-8
1.40179E-8
1.30418E-8
1.20993E-8
1.11908E-8
1.03162E-8
9.47587E-9
8.66991E-9
7.89851E-9
7.16186E-9
6.46013E-9
5.79351E-9
5.16217E-9
4.56629E-9
4.00606E-9
3.48165E-9
2.99325E-9
2.54104E-9
2.12519E-9
1.74589E-9
1.40332E-9
1.09766E-9
8.29101E-10
5.97814E-10
4.03985E-10
2.47796E-10
1.2943E-10
4.90694E-11
6.89695E-12
