1.331329408
1.330538723
1.330448968
1.331746342
1.333088403
1.334640566
1.336531316
1.33881374
1.341489796
1.344534956
1.347913443
1.351586434
1.355516137
1.359667624
1.364009495
1.368513959
1.373156629
1.377916209
1.382774141
1.387714269
1.39272252
1.397786629
1.402895888
1.40804094
1.413213591
1.418406653
1.423613814
1.428829518
1.434048868
1.439267542
1.444481719
1.449688018
1.454883441
1.460065329
1.465231321
1.470379318
1.475507455
1.480614068
1.485697681
1.490756975
1.495790777
1.500798043
1.505777843
1.510729347
1.515651821
1.520544609
1.525407131
1.530238871
1.535039374
1.539808239
1.54454511
1.549249677
1.553921669
1.558560849
1.563167011
1.567739981
1.572279608
1.576785766
1.581258349
1.585697272
1.590102467
1.59447388
1.598811472
1.603115219
1.607385106
1.611621131
1.615823298
1.619991624
1.624126131
1.628226848
1.632293812
1.636327065
1.640326653
1.644292629
1.648225049
1.652123971
1.655989459
1.65982158
1.663620401
1.667385993
1.671118431
1.674817789
1.678484143
1.682117571
1.685718154
1.68928597
1.692821102
1.696323631
1.69979364
1.703231211
1.706636429
1.710009377
1.713350139
1.7166588
1.719935442
1.723180152
1.726393011
1.729574105
1.732723517
1.735841331
1.73892763
1.741982497
1.745006014
1.747998265
1.75095933
1.753889291
1.756788229
1.759656225
1.762493359
1.765299711
1.76807536
1.770820385
1.773534863
1.776218873
1.778872492
1.781495796
1.784088863
1.786651766
1.789184583
1.791687386
1.794160251
1.796603252
1.799016461
1.801399951
1.803753794
1.806078062
1.808372826
1.810638158
1.812874126
1.815080802
1.817258254
1.819406551
1.821525763
1.823615956
1.825677199
1.827709558
1.829713101
1.831687894
1.833634003
1.835551493
1.83744043
1.839300879
1.841132904
1.842936569
1.844711938
1.846459075
1.848178042
1.849868904
1.851531721
1.853166557
1.854773472
1.85635253
1.857903791
1.859427317
1.860923168
1.862391404
1.863832087
1.865245276
1.866631031
1.867989412
1.869320478
1.870624288
1.871900902
1.873150378
1.874372776
1.875568152
1.876736567
1.877878077
1.878992742
1.880080618
1.881141763
1.882176236
1.883184093
1.884165392
1.885120189
1.886048543
1.88695051
1.887826146
1.888675509
1.889498656
1.890295642
1.891066526
1.891811362
1.892530207
1.893223118
1.893890152
1.894531364
1.89514681
1.895736547
1.896300631
1.896839118
1.897352064
1.897839525
1.898301558
1.898738218
1.899149561
1.899535644
1.899896522
1.900232252
1.90054289
1.900828491
1.901089113
1.901324811
1.901535641
1.90172166
1.901882923
1.902019489
1.902131411
1.902218748
1.902281555
1.90231989
1.902333808
1.902323367
1.902288623
1.902229633
1.902146453
1.902039142
1.901907756
1.901752352
1.901572987
1.901369719
1.901142605
1.900891702
1.900617069
1.900318764
1.899996843
1.899651365
1.899282388
1.89888997
1.89847417
1.898035046
1.897572656
1.89708706
1.896578316
1.896046483
1.89549162
1.894913786
1.894313041
1.893689445
1.893043056
1.892373935
1.891682143
1.890967737
1.890230781
1.889471332
1.888689453
1.887885204
1.887058646
1.88620984
1.885338847
1.884445728
1.883530546
1.882593362
1.881634237
1.880653235
1.879650417
1.878625846
1.877579584
1.876511695
1.875422241
1.874311285
1.873178892
1.872025124
1.870850045
1.869653719
1.868436212
1.867197586
1.865937906
1.864657238
1.863355646
1.862033195
1.860689951
1.859325979
1.857941346
1.856536117
1.855110358
1.853664136
1.852197518
1.850710569
1.849203359
1.847675953
1.846128419
1.844560825
1.842973239
1.84136573
1.839738364
1.838091212
1.836424342
1.834737823
1.833031724
1.831306115
1.829561066
1.827796646
1.826012926
1.824209976
1.822387868
1.820546671
1.818686458
1.816807299
1.814909266
1.812992431
1.811056867
1.809102645
1.807129838
1.805138519
1.803128761
1.801100637
1.799054222
1.796989588
1.79490681
1.792805963
1.79068712
1.788550357
1.786395748
1.78422337
1.782033297
1.779825605
1.777600371
1.775357671
1.773097581
1.770820179
1.768525541
1.766213744
1.763884868
1.761538988
1.759176184
1.756796533
1.754400116
1.751987009
1.749557293
1.747111047
1.744648351
1.742169285
1.739673929
1.737162363
1.734634668
1.732090926
1.729531217
1.726955624
1.724364227
1.72175711
1.719134354
1.716496043
1.713842258
1.711173084
1.708488604
1.705788901
1.703074059
1.700344164
1.697599299
1.694839549
1.692064999
1.689275735
1.686471842
1.683653407
1.680820515
1.677973253
1.675111708
1.672235967
1.669346117
1.666442245
1.66352444
1.66059279
1.657647383
1.654688308
1.651715653
1.648729509
1.645729965
1.642717111
1.639691036
1.636651831
1.633599587
1.630534395
1.627456345
1.624365531
1.621262043
1.618145974
1.615017415
1.61187646
1.608723202
1.605557734
1.602380149
1.599190541
1.595989005
1.592775634
1.589550525
1.58631377
1.583065466
1.579805709
1.576534594
1.573252217
1.569958675
1.566654064
1.563338482
1.560012026
1.556674793
1.553326881
1.549968389
1.546599415
1.543220057
1.539830415
1.536430588
1.533020676
1.529600779
1.526170997
1.522731429
1.519282179
1.515823345
1.512355031
1.508877336
1.505390364
1.501894217
1.498388998
1.494874808
1.491351752
1.487819933
1.484279454
1.48073042
1.477172935
1.473607104
1.470033031
1.466450822
1.462860583
1.459260057
1.455646965
1.45202138
1.448383375
1.444733025
1.441070401
1.437395579
1.433708632
1.430009635
1.426298662
1.422575788
1.418841088
1.415094637
1.41133651
1.407566785
1.403785535
1.399992838
1.39618877
1.392373408
1.388546828
1.384709108
1.380860324
1.377000556
1.373129879
1.369248373
1.365356116
1.361453186
1.357539662
1.353615623
1.349681148
1.345736317
1.341781209
1.337815905
1.333840484
1.329855027
1.325859615
1.321854328
1.317839248
1.313814456
1.309780034
1.305736062
1.301682625
1.297619803
1.293547679
1.289466336
1.285375858
1.281276327
1.277167827
1.273050441
1.268924255
1.26478935
1.260645814
1.256493729
1.252333181
1.248164255
1.243987036
1.23980161
1.235608064
1.231406482
1.227196952
1.22297956
1.218754393
1.214521538
1.210281082
1.206033112
1.201777718
1.197514986
1.193245005
1.188967863
1.18468365
1.180392453
1.176094364
1.171789469
1.167477861
1.163159628
1.158834861
1.15450365
1.150166086
1.145822259
1.141472262
1.137116185
1.13275412
1.128386158
1.124012393
1.119632916
1.11524782
1.110857197
1.106461142
1.102059746
1.097653105
1.093241311
1.088824458
1.084402642
1.079975956
1.075544495
1.071108354
1.066667629
1.062222415
1.057772807
1.053318902
1.048860797
1.044398586
1.039932368
1.035462239
1.030988296
1.026510637
1.022029359
1.01754456
1.013056339
1.008564794
1.004070024
0.999572127
0.995071202
0.99056735
0.986060669
0.981551259
0.977039221
0.972524655
0.968007662
0.963488342
0.958966796
0.954443126
0.949917434
0.94538982
0.940860388
0.936329239
0.931796477
0.927262203
0.922726521
0.918189534
0.913651346
0.90911206
0.90457178
0.900030612
0.895488658
0.890946024
0.886402815
0.881859136
0.877315093
0.872770791
0.868226336
0.863681835
0.859137393
0.854593118
0.850049117
0.845505496
0.840962363
0.836419826
0.831877992
0.827336971
0.822796869
0.818257796
0.813719862
0.809183173
0.804647841
0.800113975
0.795581685
0.79105108
0.786522272
0.78199537
0.777470486
0.772947731
0.768427215
0.763909052
0.759393351
0.754880226
0.750369789
0.745862152
0.741357429
0.736855731
0.732357173
0.727861868
0.72336993
0.718881473
0.714396611
0.709915458
0.70543813
0.700964741
0.696495406
0.692030242
0.687569364
0.683112887
0.678660929
0.674213605
0.669771032
0.665333328
0.660900609
0.656472993
0.652050597
0.64763354
0.64322194
0.638815915
0.634415584
0.630021065
0.625632479
0.621249944
0.61687358
0.612503507
0.608139845
0.603782715
0.599432237
0.595088532
0.590751721
0.586421925
0.582099267
0.577783868
0.57347585
0.569175336
0.564882448
0.560597309
0.556320042
0.552050771
0.547789619
0.54353671
0.539292167
0.535056116
0.530828682
0.526609987
0.522400159
0.518199322
0.514007601
0.509825123
0.505652014
0.501488399
0.497334406
0.493190161
0.489055792
0.484931424
0.480817187
0.476713208
0.472619615
0.468536535
0.464464098
0.460402433
0.456351668
0.452311933
0.448283357
0.444266069
0.440260201
0.436265881
0.432283242
0.428312412
0.424353524
0.420406708
0.416472096
0.41254982
0.408640011
0.404742803
0.400858326
0.396986715
0.393128101
0.389282619
0.385450401
0.381631581
0.377826293
0.374034672
0.370256851
0.366492966
0.36274315
0.359007541
0.355286272
0.35157948
0.3478873
0.344209868
0.340547322
0.336899797
0.33326743
0.329650359
0.326048721
0.322462653
0.318892294
0.315337781
0.311799253
0.308276849
0.304770707
0.301280966
0.297807766
0.294351246
0.290911546
0.287488807
0.284083168
0.28069477
0.277323754
0.273970261
0.270634433
0.26731641
0.264016335
0.26073435
0.257470596
0.254225218
0.250998356
0.247790155
0.244600758
0.241430307
0.238278948
0.235146823
0.232034078
0.228940857
0.225867304
0.222813564
0.219779783
0.216766107
0.21377268
0.21079965
0.207847161
0.204915361
0.202004397
0.199114415
0.196245562
0.193397987
0.190571836
0.187767258
0.184984401
0.182223413
0.179484444
0.176767641
0.174073155
0.171401134
0.168751728
0.166125088
0.163521363
0.160940704
0.158383261
0.155849186
0.153338629
0.150851742
0.148388677
0.145949585
0.143534619
0.141143931
0.138777674
0.136436
0.134119063
0.131827016
0.129560012
0.127318206
0.125101752
0.122910803
0.120745516
0.118606043
0.116492541
0.114405165
0.112344071
0.110309414
0.10830135
0.106320036
0.104365628
0.102438283
0.100538158
0.098665411
0.096820199
0.09500268
0.093213011
0.091451352
0.08971786
0.088012695
0.086336016
0.084687981
0.08306875
0.081478484
0.079917342
0.078385484
0.076883071
0.075410263
0.073967223
0.07255411
0.071171086
0.069818314
0.068495955
0.067204171
0.065943125
0.064712979
0.063513897
0.062346042
0.061209577
0.060104666
0.059031472
0.057990161
0.056980896
0.056003842
0.055059164
0.054147028
0.053267598
0.052421041
0.051607522
0.050827208
0.050080264
0.049366858
0.048687157
0.048041327
0.047429536
0.046851952
0.046308742
0.045800075
0.045326119
0.044887042
0.044483014
0.044114204
0.043780781
0.043482914
0.043220774
0.04299453
0.042804354
0.042650414
0.042532884
0.042433571
0.042334173
0.04223469
0.042135124
0.042035477
0.041935748
0.041835939
0.041736051
0.041636086
0.041536044
0.041435927
0.041335736
0.041235471
0.041135134
0.041034727
0.04093425
0.040833704
0.04073309
0.04063241
0.040531665
0.040430856
0.040329984
0.040229051
0.040128056
0.040027002
0.03992589
0.039824721
0.039723496
0.039622216
0.039520882
0.039419496
0.039318058
0.03921657
0.039115034
0.039013449
0.038911818
0.038810141
0.03870842
0.038606656
0.038504851
0.038403004
0.038301118
0.038199194
0.038097232
0.037995235
0.037893202
0.037791137
0.037689039
0.037586909
0.03748475
0.037382563
0.037280347
0.037178106
0.037075839
0.036973549
0.036871235
0.036768901
0.036666546
0.036564173
0.036461781
0.036359374
0.03625695
0.036154513
0.036052064
0.035949602
0.035847131
0.03574465
0.035642161
0.035539666
0.035437166
0.035334662
0.035232154
0.035129646
0.035027137
0.034924629
0.034822123
0.034719621
0.034617124
0.034514632
0.034412149
0.034309673
0.034207208
0.034104754
0.034002312
0.033899884
0.033797471
0.033695074
0.033592695
0.033490335
0.033387996
0.033285677
0.033183382
0.03308111
0.032978864
0.032876645
0.032774454
0.032672292
0.032570161
0.032468061
0.032365995
0.032263964
0.032161969
0.032060011
0.031958091
0.031856212
0.031754373
0.031652577
0.031550826
0.031449119
0.031347459
0.031245847
0.031144285
0.031042773
0.030941312
0.030839906
0.030738554
0.030637258
0.030536019
0.03043484
0.03033372
0.030232662
0.030131667
0.030030736
0.029929871
0.029829072
0.029728342
0.029627682
0.029527093
0.029426577
0.029326134
0.029225767
0.029125476
0.029025263
0.02892513
0.028825078
0.028725108
0.028625222
0.028525421
0.028425706
0.028326079
0.028226542
0.028127095
0.02802774
0.027928479
0.027829313
0.027730243
0.027631271
0.027532399
0.027433627
0.027334957
0.02723639
0.027137929
0.027039574
0.026941327
0.026843189
0.026745162
0.026647247
0.026549446
0.02645176
0.026354191
0.026256739
0.026159407
0.026062196
0.025965107
0.025868142
0.025771303
0.02567459
0.025578006
0.025481551
0.025385228
0.025289037
0.02519298
0.02509706
0.025001276
0.024905631
0.024810126
0.024714763
0.024619543
0.024524467
0.024429538
0.024334756
0.024240124
0.024145642
0.024051312
0.023957136
0.023863116
0.023769252
0.023675546
0.023582
0.023488615
0.023395393
0.023302335
0.023209444
0.023116719
0.023024164
0.022931779
0.022839566
0.022747527
0.022655662
0.022563975
0.022472465
0.022381136
0.022289987
0.022199022
0.022108241
0.022017646
0.021927239
0.02183702
0.021746993
0.021657157
0.021567516
0.02147807
0.021388821
0.02129977
0.02121092
0.021122272
0.021033826
0.020945586
0.020857552
0.020769727
0.020682111
0.020594706
0.020507515
0.020420538
0.020333777
0.020247233
0.02016091
0.020074807
0.019988926
0.01990327
0.01981784
0.019732637
0.019647663
0.01956292
0.01947841
0.019394133
0.019310092
0.019226288
0.019142723
0.019059399
0.018976317
0.018893478
0.018810885
0.01872854
0.018646443
0.018564596
0.018483002
0.018401661
0.018320576
0.018239748
0.018159179
0.01807887
0.017998823
0.01791904
0.017839523
0.017760273
0.017681291
0.017602581
0.017524142
0.017445977
0.017368088
0.017290477
0.017213144
0.017136092
0.017059322
0.016982837
0.016906637
0.016830725
0.016755103
0.016679771
0.016604732
0.016529987
0.016455539
0.016381388
0.016307537
0.016233987
0.016160741
0.016087799
0.016015164
0.015942837
0.01587082
0.015799115
0.015727723
0.015656647
0.015585887
0.015515447
0.015445327
0.015375529
0.015306056
0.015236908
0.015168088
0.015099597
0.015031438
0.014963611
0.014896119
0.014828964
0.014762147
0.01469567
0.014629535
0.014563743
0.014498297
0.014433198
0.014368448
0.014304049
0.014240003
0.014176311
0.014112976
0.014049998
0.01398738
0.013925124
0.013863232
0.013801705
0.013740545
0.013679754
0.013619334
0.013559287
0.013499614
0.013440317
0.013381399
0.013322861
0.013264704
0.013206931
0.013149544
0.013092544
0.013035934
0.012979714
0.012923888
0.012868456
0.012813421
0.012758785
0.012704549
0.012650716
0.012597286
0.012544263
0.012491648
0.012439442
0.012387649
0.012336268
0.012285304
0.012234757
0.012184629
0.012134922
0.012085639
0.01203678
0.011988348
0.011940346
0.011892774
0.011845634
0.011798929
0.011752661
0.011706831
0.011661441
0.011616494
0.011571991
0.011527934
0.011484325
0.011441166
0.011398459
0.011356205
0.011314408
0.011273068
0.011232189
0.01119177
0.011151816
0.011112327
0.011073306
0.011034754
0.010996674
0.010959067
0.010921935
0.010885281
0.010849107
0.010813413
0.010778203
0.010743479
0.010709242
0.010675494
0.010642237
0.010609474
0.010577206
0.010545435
0.010514164
0.010483394
0.010453127
0.010423366
0.010394112
0.010365367
0.010337134
0.010309414
0.01028221
0.010255523
0.010229355
0.010203709
0.010178587
0.010153991
0.010129922
0.010106382
0.010083107
0.010059828
0.010036546
0.010013262
0.009989974
0.009966684
0.009943392
0.009920098
0.009896801
0.009873503
0.009850203
0.009826902
0.009803599
0.009780295
0.009756991
0.009733685
0.009710379
0.009687073
0.009663767
0.00964046
0.009617154
0.009593849
0.009570544
0.009547239
0.009523936
0.009500634
0.009477333
0.009454034
0.009430737
0.009407441
0.009384148
0.009360857
0.009337569
0.009314283
0.009291001
0.009267721
0.009244445
0.009221172
0.009197904
0.009174639
0.009151378
0.009128122
0.00910487
0.009081623
0.009058381
0.009035144
0.009011912
0.008988687
0.008965466
0.008942252
0.008919045
0.008895843
0.008872649
0.008849461
0.00882628
0.008803107
0.008779941
0.008756783
0.008733632
0.00871049
0.008687357
0.008664232
0.008641115
0.008618008
0.00859491
0.008571822
0.008548743
0.008525675
0.008502616
0.008479568
0.00845653
0.008433503
0.008410488
0.008387483
0.00836449
0.008341509
0.00831854
0.008295583
0.008272639
0.008249707
0.008226788
0.008203883
0.008180991
0.008158112
0.008135247
0.008112397
0.00808956
0.008066739
0.008043932
0.00802114
0.007998364
0.007975603
0.007952858
0.007930129
0.007907416
0.00788472
0.007862041
0.007839378
0.007816733
0.007794106
0.007771496
0.007748905
0.007726331
0.007703776
0.007681241
0.007658724
0.007636226
0.007613748
0.00759129
0.007568852
0.007546435
0.007524038
0.007501662
0.007479307
0.007456973
0.007434661
0.007412372
0.007390104
0.007367859
0.007345636
0.007323437
0.007301261
0.007279108
0.00725698
0.007234875
0.007212795
0.00719074
0.007168709
0.007146704
0.007124724
0.00710277
0.007080842
0.007058941
0.007037066
0.007015218
0.006993397
0.006971603
0.006949838
0.0069281
0.006906391
0.00688471
0.006863059
0.006841436
0.006819843
0.00679828
0.006776747
0.006755244
0.006733773
0.006712332
0.006690922
0.006669544
0.006648198
0.006626883
0.006605602
0.006584353
0.006563137
0.006541955
0.006520807
0.006499692
0.006478612
0.006457566
0.006436556
0.00641558
0.00639464
0.006373737
0.006352869
0.006332038
0.006311243
0.006290486
0.006269766
0.006249084
0.00622844
0.006207835
0.006187268
0.006166741
0.006146253
0.006125804
0.006105396
0.006085028
0.006064701
0.006044414
0.00602417
0.006003966
0.005983805
0.005963687
0.005943611
0.005923578
0.005903589
0.005883643
0.005863741
0.005843884
0.005824072
0.005804305
0.005784583
0.005764907
0.005745277
0.005725694
0.005706157
0.005686668
0.005667227
0.005647833
0.005628487
0.005609191
0.005589943
0.005570744
0.005551596
0.005532497
0.005513449
0.005494451
0.005475505
0.00545661
0.005437767
0.005418977
0.005400239
0.005381554
0.005362922
0.005344344
0.00532582
0.005307351
0.005288937
0.005270544
0.005252137
0.005233718
0.005215287
0.005196843
0.005178387
0.005159919
0.005141439
0.005122947
0.005104444
0.005085929
0.005067403
0.005048866
0.005030319
0.005011761
0.004993192
0.004974613
0.004956024
0.004937425
0.004918817
0.004900199
0.004881571
0.004862935
0.004844289
0.004825635
0.004806973
0.004788301
0.004769622
0.004750935
0.00473224
0.004713538
0.004694828
0.004676111
0.004657387
0.004638656
0.004619919
0.004601175
0.004582425
0.00456367
0.004544908
0.004526141
0.004507369
0.004488592
0.00446981
0.004451023
0.004432232
0.004413436
0.004394637
0.004375833
0.004357027
0.004338217
0.004319403
0.004300587
0.004281769
0.004262947
0.004244124
0.004225299
0.004206472
0.004187643
0.004168813
0.004149982
0.00413115
0.004112318
0.004093486
0.004074653
0.00405582
0.004036988
0.004018157
0.003999326
0.003980496
0.003961668
0.003942842
0.003924017
0.003905195
0.003886374
0.003867557
0.003848742
0.003829931
0.003811123
0.003792318
0.003773518
0.003754721
0.003735929
0.003717142
0.00369836
0.003679582
0.003660811
0.003642045
0.003623285
0.003604532
0.003585785
0.003567045
0.003548312
0.003529586
0.003510868
0.003492158
0.003473457
0.003454764
0.003436079
0.003417404
0.003398738
0.003380082
0.003361436
0.0033428
0.003324174
0.003305559
0.003286956
0.003268364
0.003249783
0.003231215
0.003212659
0.003194115
0.003175584
0.003157067
0.003138563
0.003120073
0.003101597
0.003083135
0.003064689
0.003046257
0.003027841
0.00300944
0.002991055
0.002972687
0.002954336
0.002936001
0.002917683
0.002899384
0.002881102
0.002862838
0.002844593
0.002826367
0.00280816
0.002789973
0.002771806
0.002753659
0.002735532
0.002717427
0.002699342
0.00268128
0.002663239
0.002645221
0.002627225
0.002609252
0.002591303
0.002573377
0.002555475
0.002537598
0.002519745
0.002501918
0.002484116
0.002466339
0.002448589
0.002430866
0.002413169
0.0023955
0.002377858
0.002360244
0.002342659
0.002325102
0.002307575
0.002290077
0.002272609
0.002255171
0.002237764
0.002220388
0.002203043
0.00218573
0.002168449
0.002151201
0.002133985
0.002116803
0.002099655
0.002082541
0.002065461
0.002048416
0.002031407
0.002014433
0.001997495
0.001980594
0.00196373
0.001946903
0.001930114
0.001913363
0.001896651
0.001879977
0.001863343
0.001846749
0.001830195
0.001813681
0.001797209
0.001780778
0.001764389
0.001748042
0.001731738
0.001715478
0.001699261
0.001683088
0.001666959
0.001650875
0.001634837
0.001618845
0.001602899
0.001586999
0.001571147
0.001555342
0.001539586
0.001523878
0.001508218
0.001492609
0.001477049
0.001461539
0.00144608
0.001430673
0.001415317
0.001400013
0.001384762
0.001369564
0.001354419
0.001339329
0.001324293
0.001309312
0.001294387
0.001279517
0.001264704
0.001249948
0.001235249
0.001220608
0.001206026
0.001191502
0.001177038
0.001162633
0.001148289
0.001134006
0.001119784
0.001105624
0.001091526
0.001077492
0.00106352
0.001049612
0.001035769
0.001021991
0.001008278
9.946307769E-4
9.810501629E-4
9.675365069E-4
9.540903308E-4
9.407121585E-4
9.274025157E-4
9.141619299E-4
9.009909308E-4
8.878900498E-4
8.748598204E-4
8.619007777E-4
8.490134591E-4
8.361984037E-4
8.234561526E-4
8.107872489E-4
7.981922375E-4
7.856716654E-4
7.732260815E-4
7.608560367E-4
7.485620837E-4
7.363447773E-4
7.242046742E-4
7.121423333E-4
7.001583151E-4
6.882531823E-4
6.764274997E-4
6.646818338E-4
6.530167533E-4
6.414328289E-4
6.299306331E-4
6.185107407E-4
6.071737282E-4
5.959201745E-4
5.847506601E-4
5.736657678E-4
5.626660823E-4
5.517521904E-4
5.409246809E-4
5.301841447E-4
5.195311746E-4
5.089663656E-4
4.984903146E-4
4.881036208E-4
4.778068851E-4
4.676007109E-4
4.574857033E-4
4.474624697E-4
4.375316193E-4
4.276937638E-4
4.179495166E-4
4.082994935E-4
3.98744312E-4
3.892845921E-4
3.799209557E-4
3.706540269E-4
3.614844318E-4
3.524127986E-4
3.434397578E-4
3.345659418E-4
3.257919854E-4
3.171185252E-4
3.085462002E-4
3.000756514E-4
2.91707522E-4
2.834424573E-4
2.752811049E-4
2.672241144E-4
2.592721375E-4
2.514258283E-4
2.436858429E-4
2.360528397E-4
2.28527479E-4
2.211104237E-4
2.138023385E-4
2.066038906E-4
1.995157491E-4
1.925385855E-4
1.856730735E-4
1.78919889E-4
1.7227971E-4
1.657532168E-4
1.59341092E-4
1.530440202E-4
1.468626885E-4
1.40797786E-4
1.348500042E-4
1.290200369E-4
1.233085798E-4
1.177163313E-4
1.122439917E-4
1.068922638E-4
1.016618525E-4
9.655346503E-5
9.156781096E-5
8.670560206E-5
8.196755238E-5
7.73543783E-5
7.286679845E-5
6.850553378E-5
6.427130754E-5
6.016484526E-5
5.618687481E-5
5.233812636E-5
4.861933238E-5
4.503122769E-5
4.157454942E-5
3.825003704E-5
3.505843233E-5
3.200047945E-5
2.907692486E-5
2.628851741E-5
2.363600827E-5
2.112015099E-5
1.874170145E-5
1.650141794E-5
1.440006108E-5
1.243839389E-5
1.061718176E-5
8.937192459E-6
7.399196155E-6
6.003965401E-6
4.752275148E-6
3.644902752E-6
2.68262797E-6
1.866232973E-6
1.196502345E-6
6.742230915E-7
3.001846396E-7
7.517884601E-8

