4.37E+03 4.36E+03 4.35E+03 4.33E+03 4.33E+03 4.32E+03 4.31E+03 4.31E+03 4.30E+03 4.29E+03                                                                        
4.29E+03 4.28E+03 4.27E+03 4.27E+03 4.26E+03 4.26E+03 4.25E+03 4.25E+03 4.24E+03 4.24E+03                                                                        
4.23E+03 4.23E+03 4.22E+03 4.22E+03 4.22E+03 4.21E+03 4.21E+03 4.20E+03 4.20E+03 4.20E+03                                                                        
4.19E+03 4.19E+03 4.19E+03 4.18E+03 4.18E+03 4.17E+03 4.17E+03 4.17E+03 4.16E+03 4.16E+03                                                                        
4.16E+03 4.15E+03 4.15E+03 4.14E+03 4.14E+03 4.13E+03 4.13E+03 4.13E+03 4.12E+03 4.12E+03                                                                        
4.11E+03 4.11E+03 4.10E+03 4.10E+03 4.09E+03 4.09E+03 4.08E+03 4.08E+03 4.07E+03 4.07E+03                                                                        
4.06E+03 4.06E+03 4.05E+03 4.05E+03 4.04E+03 4.04E+03 4.03E+03 4.02E+03 4.02E+03 4.01E+03                                                                        
4.01E+03 4.00E+03 3.99E+03 3.99E+03 3.98E+03 3.97E+03 3.97E+03 3.96E+03 3.95E+03 3.95E+03                                                                        
3.94E+03 3.93E+03 3.93E+03 3.92E+03 3.91E+03 3.90E+03 3.90E+03 3.89E+03 3.88E+03 3.87E+03                                                                        
3.86E+03 3.86E+03 3.85E+03 3.84E+03 3.83E+03 3.82E+03 3.82E+03 3.81E+03 3.80E+03 3.79E+03                                                                        
3.78E+03 3.77E+03 3.76E+03 3.75E+03 3.75E+03 3.74E+03 3.73E+03 3.72E+03 3.71E+03 3.70E+03                                                                        
3.69E+03 3.68E+03 3.67E+03 3.66E+03 3.65E+03 3.64E+03 3.63E+03 3.62E+03 3.61E+03 3.60E+03                                                                        
3.59E+03 3.58E+03 3.57E+03 3.56E+03 3.55E+03 3.54E+03 3.53E+03 3.52E+03 3.50E+03 3.49E+03                                                                        
3.48E+03 3.47E+03 3.46E+03 3.45E+03 3.44E+03 3.43E+03 3.42E+03 3.40E+03 3.39E+03 3.38E+03                                                                        
3.37E+03 3.36E+03 3.35E+03 3.33E+03 3.32E+03 3.31E+03 3.30E+03 3.29E+03 3.28E+03 3.26E+03                                                                        
3.25E+03 3.24E+03 3.23E+03 3.21E+03 3.20E+03 3.19E+03 3.18E+03 3.16E+03 3.15E+03 3.14E+03                                                                        
3.13E+03 3.11E+03 3.10E+03 3.09E+03 3.08E+03 3.06E+03 3.05E+03 3.04E+03 3.02E+03 3.01E+03                                                                        
3.00E+03 2.99E+03 2.97E+03 2.96E+03 2.95E+03 2.93E+03 2.92E+03 2.91E+03 2.89E+03 2.88E+03                                                                        
2.87E+03 2.85E+03 2.84E+03 2.83E+03 2.81E+03 2.80E+03 2.79E+03 2.77E+03 2.76E+03 2.75E+03                                                                        
2.73E+03 2.72E+03 2.70E+03 2.69E+03 2.68E+03 2.66E+03 2.65E+03 2.63E+03 2.62E+03 2.61E+03                                                                        
2.59E+03 2.58E+03 2.56E+03 2.55E+03 2.54E+03 2.52E+03 2.51E+03 2.49E+03 2.48E+03 2.47E+03                                                                        
2.45E+03 2.44E+03 2.42E+03 2.41E+03 2.39E+03 2.38E+03 2.36E+03 2.35E+03 2.34E+03 2.32E+03                                                                        
2.31E+03 2.29E+03 2.28E+03 2.26E+03 2.25E+03 2.23E+03 2.22E+03 2.20E+03 2.19E+03 2.18E+03                                                                        
2.16E+03 2.15E+03 2.13E+03 2.12E+03 2.10E+03 2.09E+03 2.07E+03 2.06E+03 2.04E+03 2.03E+03                                                                        
2.01E+03 2.00E+03 1.99E+03 1.97E+03 1.96E+03 1.94E+03 1.93E+03 1.91E+03 1.90E+03 1.88E+03                                                                        
1.87E+03 1.85E+03 1.84E+03 1.82E+03 1.81E+03 1.80E+03 1.78E+03 1.77E+03 1.75E+03 1.74E+03                                                                        
1.72E+03 1.71E+03 1.69E+03 1.68E+03 1.66E+03 1.65E+03 1.64E+03 1.62E+03 1.61E+03 1.59E+03                                                                        
1.58E+03 1.56E+03 1.55E+03 1.54E+03 1.52E+03 1.51E+03 1.49E+03 1.48E+03 1.46E+03 1.45E+03                                                                        
1.44E+03 1.42E+03 1.41E+03 1.40E+03 1.38E+03 1.37E+03 1.35E+03 1.34E+03 1.33E+03 1.31E+03                                                                        
1.30E+03 1.29E+03 1.27E+03 1.26E+03 1.24E+03 1.23E+03 1.22E+03 1.20E+03 1.19E+03 1.18E+03                                                                        
1.17E+03 1.15E+03 1.14E+03 1.13E+03 1.11E+03 1.10E+03 1.09E+03 1.07E+03 1.06E+03 1.05E+03                                                                        
1.04E+03 1.02E+03 1.01E+03 1.00E+03 9.87E+02 9.75E+02 9.63E+02 9.51E+02 9.39E+02 9.27E+02                                                                        
9.15E+02 9.03E+02 8.91E+02 8.80E+02 8.68E+02 8.57E+02 8.45E+02 8.34E+02 8.23E+02 8.11E+02                                                                        
8.00E+02 7.89E+02 7.78E+02 7.67E+02 7.57E+02 7.46E+02 7.35E+02 7.25E+02 7.14E+02 7.04E+02                                                                        
6.94E+02 6.84E+02 6.74E+02 6.64E+02 6.54E+02 6.44E+02 6.34E+02 6.25E+02 6.15E+02 6.06E+02                                                                        
5.97E+02 5.88E+02 5.79E+02 5.70E+02 5.61E+02 5.52E+02 5.43E+02 5.35E+02 5.27E+02 5.18E+02                                                                        
5.10E+02 5.02E+02 4.94E+02 4.86E+02 4.79E+02 4.71E+02 4.64E+02 4.56E+02 4.49E+02 4.42E+02                                                                        
4.35E+02 4.28E+02 4.21E+02 4.15E+02 4.08E+02 4.02E+02 3.96E+02 3.90E+02 3.84E+02 3.78E+02                                                                        
3.72E+02 3.67E+02 3.62E+02 3.56E+02 3.51E+02 3.46E+02 3.42E+02 3.37E+02 3.32E+02 3.28E+02                                                                        
3.24E+02 3.20E+02 3.16E+02 3.12E+02 3.08E+02 3.04E+02 3.01E+02 2.97E+02 2.93E+02 2.89E+02                                                                        
2.86E+02 2.82E+02 2.78E+02 2.75E+02 2.71E+02 2.67E+02 2.64E+02 2.60E+02 2.57E+02 2.53E+02                                                                        
2.50E+02 2.46E+02 2.43E+02 2.39E+02 2.36E+02 2.32E+02 2.29E+02 2.26E+02 2.22E+02 2.19E+02                                                                        
2.16E+02 2.12E+02 2.09E+02 2.06E+02 2.03E+02 1.99E+02 1.96E+02 1.93E+02 1.90E+02 1.87E+02                                                                        
1.84E+02 1.81E+02 1.78E+02 1.75E+02 1.72E+02 1.69E+02 1.66E+02 1.63E+02 1.61E+02 1.58E+02                                                                        
1.55E+02 1.52E+02 1.49E+02 1.47E+02 1.44E+02 1.41E+02 1.39E+02 1.36E+02 1.34E+02 1.31E+02                                                                        
1.29E+02 1.26E+02 1.24E+02 1.22E+02 1.19E+02 1.17E+02 1.15E+02 1.12E+02 1.10E+02 1.08E+02                                                                        
1.06E+02 1.04E+02 1.02E+02 9.95E+01 9.75E+01 9.55E+01 9.36E+01 9.17E+01 8.98E+01 8.80E+01                                                                        
8.62E+01 8.44E+01 8.27E+01 8.10E+01 7.93E+01 7.77E+01 7.61E+01 7.46E+01 7.31E+01 7.16E+01                                                                        
7.02E+01 6.88E+01 6.75E+01 6.62E+01 6.49E+01 6.37E+01 6.24E+01 6.12E+01 5.99E+01 5.87E+01                                                                        
5.75E+01 5.63E+01 5.51E+01 5.39E+01 5.27E+01 5.16E+01 5.04E+01 4.93E+01 4.81E+01 4.70E+01                                                                        
4.59E+01 4.48E+01 4.37E+01 4.26E+01 4.16E+01 4.05E+01 3.95E+01 3.84E+01 3.74E+01 3.64E+01                                                                        
3.54E+01 3.44E+01 3.34E+01 3.25E+01 3.15E+01 3.06E+01 2.97E+01 2.88E+01 2.79E+01 2.70E+01                                                                        
2.61E+01 2.52E+01 2.44E+01 2.35E+01 2.27E+01 2.19E+01 2.11E+01 2.03E+01 1.95E+01 1.88E+01                                                                        
1.80E+01 1.73E+01 1.66E+01 1.59E+01 1.52E+01 1.45E+01 1.38E+01 1.32E+01 1.26E+01 1.19E+01                                                                        
1.13E+01 1.07E+01 1.02E+01 9.60E+00 9.05E+00 8.52E+00 8.00E+00 7.50E+00 7.02E+00 6.55E+00                                                                        
6.09E+00 5.65E+00 5.23E+00 4.82E+00 4.42E+00 4.05E+00 3.69E+00 3.34E+00 3.01E+00 2.70E+00                                                                        
2.41E+00 2.13E+00 1.87E+00 1.62E+00 1.39E+00 1.18E+00 9.86E-01 8.09E-01 6.49E-01 5.06E-01                                                                        
3.81E-01 2.73E-01 1.83E-01 1.11E-01 5.68E-02 2.05E-02 2.28E-03 0.00E+00 0.00E+00 0.00E+00  